74.2
74.2
74.0
73.9
74.10000000000001
74.0
74.10000000000001
74.2
74.10000000000001
74.10000000000001
74.2
74.0
74.10000000000001
74.0
74.0
74.3
74.3
74.3
74.3
74.10000000000001
73.9
74.0
74.10000000000001
74.10000000000001
74.10000000000001
74.10000000000001
74.10000000000001
74.10000000000001
74.10000000000001
74.10000000000001
74.10000000000001
74.10000000000001
74.10000000000001
74.2
73.9
73.8
73.8
73.9
73.9
74.0
74.0
73.9
74.0
74.0
74.2
74.2
74.4
74.5
74.5
74.7
74.60000000000001
74.60000000000001
74.7
74.4
74.5
74.5
74.2
74.2
74.4
74.2
74.2
74.10000000000001
74.10000000000001
74.10000000000001
73.9
73.8
73.8
73.8
73.9
73.9
73.9
74.0
74.0
73.8
73.8
73.8
73.7
73.8
73.7
73.7
73.7
73.60000000000001
73.8
73.60000000000001
None
73.8
73.9
73.9
73.8
73.8
73.8
73.8
None
None
73.2
73.10000000000001
73.10000000000001
73.3
73.4
73.4
None
73.5
73.5
None
72.9
73.0
72.8
72.8
72.7
72.7
72.5
72.5
72.5
72.4
72.4
72.5
72.60000000000001
72.60000000000001
72.4
72.4
72.4
72.4
72.5
72.5
72.3
72.10000000000001
72.2
72.2
72.0
72.10000000000001
72.3
72.0
72.0
72.0
72.0
72.0
72.10000000000001
72.0
72.0
71.8
71.8
71.8
71.60000000000001
71.60000000000001
71.60000000000001
71.60000000000001
71.60000000000001
71.60000000000001
71.5
71.5
71.5
71.5
71.5
71.4
71.5
71.3
71.3
71.3
71.2
71.2
71.3
71.3
71.2
71.2
71.2
71.2
71.3
71.3
71.3
71.4
71.4
71.3
71.4
71.4
71.4
71.5
71.5
71.5
71.60000000000001
71.5
71.60000000000001
71.5
71.4
71.3
71.5
71.5
71.8
71.60000000000001
71.7
71.7
71.7
71.7
71.7
71.7
71.8
71.8
71.8
71.8
71.8
71.8
71.60000000000001
71.60000000000001
72.0
72.10000000000001
72.10000000000001
72.10000000000001
71.9
71.9
72.2
72.3
72.10000000000001
72.3
72.3
72.3
72.10000000000001
72.0
72.2
71.9
71.9
71.9
71.9
71.9
71.9
72.0
72.0
72.0
72.0
72.10000000000001
72.10000000000001
72.2
72.2
72.2
72.2
71.9
71.9
71.7
72.10000000000001
72.10000000000001
72.10000000000001
72.10000000000001
72.10000000000001
72.10000000000001
72.10000000000001
72.10000000000001
72.10000000000001
72.10000000000001
72.10000000000001
72.10000000000001
72.2
72.2
72.2
72.0
72.0
72.10000000000001
72.10000000000001
72.10000000000001
72.10000000000001
72.10000000000001
72.10000000000001
72.10000000000001
72.10000000000001
72.10000000000001
72.10000000000001
72.10000000000001
72.10000000000001
72.10000000000001
72.10000000000001
72.10000000000001
72.10000000000001
72.10000000000001
72.10000000000001
72.10000000000001
72.10000000000001
72.10000000000001
72.10000000000001
72.10000000000001
72.10000000000001
72.10000000000001
72.10000000000001
72.10000000000001
72.10000000000001
72.10000000000001
72.10000000000001
72.10000000000001
72.10000000000001
72.10000000000001
72.10000000000001
72.10000000000001
72.10000000000001
72.10000000000001
72.10000000000001
72.10000000000001
72.10000000000001
72.10000000000001
72.10000000000001
72.10000000000001
72.10000000000001
72.10000000000001
72.10000000000001
72.0
