74.4
74.4
74.3
74.2
74.2
74.3
74.3
74.3
74.3
74.3
74.3
74.3
74.3
74.3
74.4
74.2
74.2
74.2
74.4
74.3
74.3
74.3
74.3
74.3
74.3
74.3
74.3
74.3
74.3
74.3
74.3
74.4
74.4
74.4
74.3
74.3
74.2
74.2
73.60000000000001
74.0
74.0
74.2
74.2
74.3
74.3
74.3
74.3
74.3
74.3
74.3
74.3
74.4
74.4
74.4
74.4
74.4
74.4
74.4
74.4
74.4
74.4
74.4
74.4
74.4
74.4
74.4
74.4
74.3
74.10000000000001
74.10000000000001
74.10000000000001
74.10000000000001
74.10000000000001
74.10000000000001
74.10000000000001
74.10000000000001
73.9
73.9
73.9
73.9
73.60000000000001
73.7
73.7
73.7
73.9
73.9
73.9
73.9
73.9
73.9
73.9
73.9
73.9
73.9
73.2
73.2
73.2
73.2
73.60000000000001
73.60000000000001
73.7
73.60000000000001
73.60000000000001
73.60000000000001
73.3
73.3
73.3
73.3
72.7
72.7
72.9
72.9
72.4
72.5
72.5
72.5
72.5
72.60000000000001
72.5
72.60000000000001
72.60000000000001
72.60000000000001
72.60000000000001
72.5
72.5
72.5
72.5
72.5
72.5
72.5
72.3
72.2
71.9
71.9
71.9
72.3
72.3
72.3
72.3
71.7
71.8
72.10000000000001
71.8
71.8
71.8
71.9
71.9
71.8
71.8
71.4
71.4
71.7
71.7
71.7
71.7
71.7
None
71.5
71.10000000000001
71.4
71.10000000000001
71.5
71.5
71.5
71.4
71.2
71.2
71.10000000000001
71.2
71.2
71.2
71.2
71.2
71.2
71.3
71.3
71.4
71.8
71.5
71.60000000000001
71.4
71.4
71.5
71.5
71.5
71.7
71.7
71.7
71.7
71.7
71.8
71.7
71.7
71.7
71.7
71.7
71.7
71.7
71.8
71.8
71.8
71.8
71.9
71.9
71.9
71.9
72.0
72.0
72.10000000000001
72.10000000000001
72.10000000000001
72.10000000000001
72.4
72.2
72.0
72.0
72.0
72.0
72.0
72.0
72.0
72.0
72.0
72.0
72.0
72.0
72.0
72.0
72.0
72.0
71.9
72.10000000000001
72.10000000000001
72.10000000000001
72.2
72.10000000000001
72.10000000000001
72.10000000000001
72.10000000000001
72.10000000000001
72.10000000000001
72.10000000000001
72.10000000000001
72.10000000000001
72.10000000000001
72.10000000000001
72.10000000000001
72.10000000000001
72.10000000000001
72.10000000000001
72.10000000000001
72.10000000000001
72.10000000000001
72.10000000000001
72.2
72.2
72.2
72.2
72.10000000000001
72.10000000000001
72.10000000000001
72.10000000000001
72.10000000000001
72.10000000000001
72.10000000000001
72.10000000000001
72.10000000000001
72.10000000000001
72.10000000000001
72.10000000000001
72.2
72.2
72.2
72.2
72.10000000000001
72.10000000000001
72.10000000000001
72.10000000000001
72.10000000000001
72.10000000000001
72.10000000000001
72.10000000000001
72.2
72.2
72.2
72.2
72.10000000000001
72.10000000000001
72.10000000000001
72.10000000000001
72.10000000000001
72.10000000000001
72.10000000000001
72.10000000000001
72.10000000000001
72.2
72.2
72.2
72.2
72.10000000000001
